000->001(101),002(102);
001->000(110),021(202),002(112);
010->011(101),012(102),020(212);
011->010(110),012(112),211(302);
002->000(120),012(201),001(121);
020->010(221),021(101),022(102);
012->002(210),010(120),011(121);
021->001(220),020(110),022(112);
022->020(120),021(121),122(301);
100->101(101),102(102),200(312);
101->100(110),102(112),121(202);
110->111(101),112(102),120(212);
111->110(110),112(112);
102->100(120),101(121),112(201);
120->110(221),122(102),121(101);
112->102(210),110(120),111(121);
121->101(220),122(112),120(110);
122->022(310),120(120),121(121);
200->201(101),202(102),100(321);
201->200(110),202(112),221(202);
210->211(101),220(212),212(102);
211->011(320),210(110),212(112);
202->200(120),201(121),212(201);
220->210(221),221(101),222(102);
212->202(210),211(121),210(120);
221->201(220),220(110),222(112);
222->220(120),221(121);
